# Created by Octave 4.4.1, Thu Mar 26 01:10:59 2020 GMT <unknown@DESKTOP-NTEA115>
# name: data
# type: scalar struct
# ndims: 2
 1 1
# length: 1
# name: data
# type: scalar struct
# ndims: 2
 1 1
# length: 1
# name: data
# type: matrix
# rows: 20
# columns: 2
 1 0.65000000000000002
 1 0.39000000000000001
 1 0.251
 1 0.27100000000000002
 1 0.29699999999999999
 1 0.95199999999999996
 1 0.441
 1 0.46400000000000002
 1 0.34000000000000002
 1 0.54900000000000004
 2 1.1140000000000001
 2 0.83499999999999996
 2 1.3
 2 1.792
 2 0.76700000000000002
 2 1.024
 2 0.59699999999999998
 2 0.68200000000000005
 2 0.76800000000000002
 2 0.374






